2024-05-30 10:07:18.812291
-0.07
-0.06959000000000001
-0.06918205000000001
-0.06877613975
0.010231851032903923
-0.4941362085778902
2.671426517478787
-17.187164513151355
107.39340604999725
-674.1466941750011
4228.74535473123
-26528.920924949085
166425.36608661155
-1044048.6832841967
6549705.500854158
-41088740.47681628
257764959.56950018
-1617055517.8493419
10144391042.806976
-63639540200.37075
399234518838.3493
-2504546709961.2603
15711953567112.22
-98566931857668.03
618347044772980.0
-3879121126866371.5
2.4335170425898284e+16
-1.5266358030328006e+17
9.577154522909298e+17
-6.00810544161667e+18
3.769108132403651e+19
-2.364501797080432e+20
1.4833399711541735e+21
-9.305543657190195e+21
5.837713837677775e+22
-3.6622151382077006e+23
2.297443843847753e+24
-1.4412720215604619e+25
9.041635753995109e+25
-5.6721545887924e+26
3.558353660170691e+27
-2.232287673518056e+28
1.4003971311557657e+29
-8.7852123550842e+29
5.511290647976869e+30
-3.4574377236196227e+31
2.1689793509794598e+32
-1.3606814644372318e+33
8.536061197756343e+33
-5.354988854939508e+34
3.359383792148028e+35
-2.1074664707354188e+36
1.3220921454866311e+37
-8.293976039141864e+37
5.203119825852939e+38
-3.2641106984660364e+39
2.0476981135243932e+40
-1.2845972307562622e+41
8.058756485478392e+41
-5.0555578462524623e+42
3.1715395772115326e+43
-1.989624804169791e+44
1.2481656826266533e+45
-7.830207826228474e+45
4.912180766971871e+46
-3.0815937996668314e+47
1.933198470625305e+48
-1.2127673437141761e+49
7.608140872901674e+49
-4.772869903030555e+50
2.994198910326789e+51
-1.878372404181732e+52
1.1783729119073054e+53
-7.39237180244775e+53
4.637509935388204e+54
-2.909282565265875e+55
1.8251012208023397e+56
-1.1449539161108525e+57
7.182722005091197e+57
-4.505988815485766e+58
2.826774472253159e+59
-1.7733408235547728e+60
1.1124826926781039e+61
-6.97901793648128e+61
4.37819767249365e+62
-2.7466063325656608e+63
1.7230483661084012e+64
-1.080932362511349e+65
6.781090974035132e+65
-4.254030723190411e+66
2.6687117844518947e+67
-1.674182217266895e+68
1.0502768088118438e+69
-6.588777277354985e+69
4.1333851843972855e+70
-2.593026348198793e+71
1.6267019265066641e+72
-1.0204906554607931e+73
6.401917652604026e+73
-4.0161611878961155e+74
2.5194873727565564e+75
-1.5805681904926403e+76
9.915492460134527e+76
-6.220357420728599e+77
3.902261697760233e+78
-2.448033983877238e+79
1.5357428205436782e+80
-9.63428623288967e+80
6.0439462894176375e+81
-3.791592430029844e+82
2.3786070337241255e+83
-1.492188711020649e+84
9.361055095390394e+84
-5.872538228693371e+85
3.6840617746654593e+86
-2.3111490519102215e+87
1.4498698086110558e+88
-9.095572871790345e+88
5.705991350030355e+89
-3.5795807197147485e+90
2.24560419792529e+91
-1.408751082484748e+92
8.837619800655426e+92
-5.544167788902654e+93
3.478062777630028e+94
-2.1819182149120752e+95
1.368798495296025e+96
-8.586982353049212e+96
5.386933590662071e+97
-3.379423913675422e+98
2.1200383847534475e+99
-1.329978975008132e+100
8.343453055777533e+100
-5.2341585996528847e+101
3.283582476364416e+102
-2.0599134844332957e+103
1.2922603875168205e+104
-8.106830319645879e+104
5.085716351471329e+105
-3.1904591298702123e+106
2.0014937436350213e+107
-1.255611510050309e+108
7.876918272587456e+108
-4.9414839682806145e+109
3.09997678835295e+110
-1.9447308035425668e+111
1.2200020053236338e+112
-7.653526597523808e+112
4.801342057094863e+113
-3.0120605521494326e+114
1.8895776768098514e+115
-1.1854023964259859e+116
7.436470374823727e+116
-4.665174610947721e+117
2.926637645772522e+118
-1.835988708665489e+119
1.1517840424202534e+120
-7.225569929230123e+120
4.532868912863881e+121
-2.843637357668897e+122
1.7839195391205815e+123
-1.1191191146345644e+124
7.020650681128031e+124
-4.404315442553979e+125
2.762990981685292e+126
-1.7333270662483184e+127
1.0873805736262116e+128
-6.821543002030739e+128
4.27940778575565e+129
-2.6846317601947675e+130
1.6841694105049659e+131
-1.0565421467988832e+132
6.628082074164364e+132
-4.158042546145724e+133
2.6084948288359524e+134
-1.636405880062739e+135
1.0265783066546822e+136
-6.440107754034653e+136
4.040119259750588e+137
-2.5345171628194793e+138
1.5899969371258285e+139
-9.974642496629167e+139
6.257464439863056e+140
-3.925540311783908e+141
2.462637524757192e+142
-1.544904165201723e+143
9.691758757281814e+143
-6.0800009427823605e+144
3.814210855842858e+145
-2.3927964139709313e+146
1.5010902373007223e+147
-9.416897682407312e+147
5.907570361685246e+148
-3.706038735395962e+149
2.3249360172389396e+150
-1.4585188850373267e+151
9.149831746926312e+151
-5.740029961622199e+152
3.600934407497569e+153
-2.2590001609391113e+154
1.417154868607913e+155
-8.89033987843635e+155
5.577241055648047e+156
-3.498810868665806e+157
2.1949342645494728e+158
-1.3769639476198586e+159
8.638207274212103e+159
-5.419068890019407e+160
3.3995835828626484e+161
-2.1326852954674012e+162
1.337912852747954e+163
-8.393225223395504e+163
5.265382532647938e+164
-3.303170411516503e+165
2.072201725110187e+166
-1.2999692581946528e+167
8.155190934228646e+167
-5.1160547647171025e+168
3.2094915455293656e+169
-2.0134334862605935e+170
1.2631017549313544e+171
-7.923907366186398e+171
4.970961975372712e+172
-3.118469439212283e+173
1.956331931622113e+174
-1.227279824698573e+175
7.699183066869769e+175
-4.8299840594000693e+176
3.0300287460944162e+177
-1.900849793549604e+178
1.1924738147434668e+179
-7.480832013525051e+179
4.693004317803018e+180
-2.944096256552576e+181
1.8469411449219778e+182
-1.1586549132738211e+183
7.268673459057505e+183
-4.5599093612026125e+184
2.8606008372096164e+185
-1.7945613611245549e+186
1.1257951256081628e+187
-7.062531782412158e+187
4.43058901597541e+188
-2.7794733720514925e+189
1.7436670831096036e+190
-1.0938672510022623e+191
6.862236343197821e+191
-4.304936233053716e+192
2.7006467052142556e+193
-1.6942161815044956e+194
1.0628448601328448e+195
-6.667621340434051e+195
4.182846999312288e+196
-2.6240555853936413e+197
1.6461677217377673e+198
-1.0327022732198705e+199
6.478525675304038e+199
-4.0642202514681234e+200
2.5496366118311985e+201
-1.5994819301542127e+202
1.0034145387692698e+203
-6.294792817799902e+203
3.9489577924220887e+204
-2.477328181832281e+205
1.5541201610909642e+206
-9.749574129185455e+206
6.116270677149959e+207
-3.836964209973117e+208
2.4070704397724394e+209
-1.5100448648873063e+210
9.473073393681378e+210
-5.942811475920697e+211
3.728146797837699e+212
-2.338805227550005e+213
1.4672195568017338e+214
-9.204414298819372e+214
5.7742716276892515e+215
-3.622415478909267e+216
2.2724760364438506e+217
-1.425608786810538e+218
8.943374453408149e+218
-5.610511618185144e+219
3.519682730693992e+220
-2.208027960336489e+221
1.3851781102629135e+222
-8.68973777333479e+222
5.451395889802866e+223
-3.4198635128612223e+224
2.1454076502637636e+225
-1.3458940593682875e+226
8.44329430269415e+226
-5.296792729389709e+227
3.322875196848624e+228
-2.084563270253539e+229
1.3077241154922883e+230
-8.20384003999115e+230
5.146574159215991e+231
-3.2286374974637316e+232
2.025444454416806e+233
-1.2706366822383959e+234
7.97117676927197e+234
-5.00061583103736e+235
3.1370724064253007e+236
-1.968002265255698e+237
1.2346010592930131e+238
-7.745111896044434e+238
4.858796923161566e+239
-3.0481041277894607e+240
1.9121891531539123e+241
-1.1995874170122957e+242
7.525458287851742e+242
-4.7210000404344036e+243
2.9616590152071714e+244
-1.8579589170159821e+245
1.1655667717297054e+246
-7.312034119367565e+246
4.587111117062122e+247
-2.877665510961106e+248
1.8052666660228402e+249
-1.1325109617638494e+250
7.10466272188428e+250
-4.4570193221897864e+251
2.7960540867314464e+252
-1.754068782472001e+253
1.100392624106746e+254
-6.903172437069804e+254
4.330616968157494e+255
-2.716757186041587e+256
1.7043228856716063e+257
-1.0691851717732152e+258
6.707396474871876e+258
-4.2077994213584474e+259
2.6397091683360936e+260
-1.6559877968584488e+261
1.0388627717926477e+262
-6.517172775452247e+262
4.0884650156251313e+263
-2.564846254644624e+264
1.6090235051109283e+265
-1.0094003238249361e+266
6.332343875036445e+266
-3.972514968071876e+267
2.4921064747868376e+268
-1.5633911342287255e+269
9.807734393828597e+269
-6.152756775568069e+270
3.859853297324149e+271
-2.421429616074588e+272
1.5190529105517782e+273
-9.529584216437326e+273
5.9782628180597496e+274
-3.7503867440668995e+275
2.3527571734689413e+276
-1.4759721316919253e+277
9.259322458335985e+277
-5.808717559535896e+278
3.64402469384616e+279
-2.2860323011507473e+280
1.4341131361513233e+281
-8.996725401677341e+281
5.643980653465382e+282
-3.5406791020600218e+283
2.2211997654646918e+284
-1.3934412738024978e+285
8.741575673316866e+285
-5.4839157335852e+286
3.440264421076894e+287
-2.1582058991978593e+288
1.3539228772055868e+289
-8.493662064875117e+289
5.328390301018908e+290
-3.342697529420699e+291
2.0969985571549816e+292
-1.3155252337390392e+293
8.252779357903253e+293
-5.177275614596434e+294
3.247897662964409e+295
-2.037527072993572e+296
1.2782165585206876e+297
-8.018728154006841e+297
5.030446584284433e+298
-3.1557863480749366e+299
1.9797422172832357e+300
-1.2419659680967966e+301
7.791314709787468e+301
-4.887781667639009e+302
3.06628733665408e+303
-1.9235961567544332e+304
1.2067434548772894e+305
-7.57035077646539e+305
4.749162769195036e+306
-2.979326543021699e+307
inf
nan
nan
nan
nan
nan
nan
nan
nan
nan
nan
nan
nan
nan
nan
nan
nan
nan
nan
nan
nan
nan
nan
nan
nan
nan
nan
nan
nan
nan
nan
nan
nan
nan
nan
nan
nan
nan
nan
nan
nan
nan
nan
nan
nan
nan
nan
nan
nan
nan
nan
nan
nan
nan
nan
nan
nan
nan
nan
nan
nan
nan
nan
nan
nan
nan
nan
nan
nan
nan
nan
nan
nan
nan
nan
nan
nan
nan
nan
nan
nan
nan
nan
nan
nan
nan
nan
nan
nan
nan
nan
nan
nan
nan
nan
nan
nan
nan
nan
nan
nan
nan
nan
nan
nan
nan
nan
nan
nan
nan
nan
nan
nan
nan
nan
nan
nan
nan
nan
nan
nan
nan
nan
nan
nan
nan
nan
nan
nan
nan
nan
nan
nan
nan
nan
nan
nan
nan
nan
nan
nan
nan
nan
nan
nan
nan
nan
nan
nan
nan
nan
nan
nan
nan
nan
nan
nan
nan
nan
nan
nan
nan
nan
nan
nan
nan
nan
nan
nan
nan
nan
nan
nan
nan
nan
nan
nan
nan
nan
nan
nan
nan
nan
nan
nan
nan
nan
nan
nan
nan
nan
nan
nan
nan
nan
nan
nan
nan
nan
nan
nan
nan
nan
nan
nan
nan
nan
nan
nan
nan
nan
nan
nan
nan
nan
nan
nan
nan
nan
nan
nan
nan
nan
nan
nan
nan
nan
nan
nan
nan
nan
nan
nan
nan
nan
nan
nan
nan
nan
nan
nan
nan
nan
nan
nan
nan
nan
nan
nan
nan
nan
nan
nan
nan
nan
nan
nan
nan
nan
nan
nan
nan
nan
nan
nan
nan
nan
nan
nan
nan
nan
nan
nan
nan
nan
nan
nan
nan
nan
nan
nan
nan
nan
nan
nan
nan
nan
nan
nan
nan
nan
nan
nan
nan
nan
nan
nan
nan
nan
nan
nan
nan
nan
nan
nan
nan
nan
nan
nan
nan
nan
nan
nan
nan
nan
nan
nan
nan
nan
nan
nan
nan
nan
nan
nan
nan
nan
nan
nan
nan
nan
nan
nan
nan
nan
nan
nan
nan
nan
nan
nan
nan
nan
nan
nan
nan
nan
nan
nan
nan
nan
nan
nan
nan
nan
nan
nan
nan
nan
nan
nan
nan
nan
nan
nan
nan
nan
nan
nan
nan
nan
nan
nan
nan
nan
nan
nan
nan
nan
nan
nan
nan
nan
nan
nan
nan
nan
nan
nan
nan
nan
nan
nan
nan
nan
nan
nan
nan
nan
nan
nan
nan
nan
nan
nan
nan
nan
nan
nan
nan
nan
nan
nan
nan
nan
nan
nan
nan
nan
nan
nan
nan
nan
nan
nan
nan
nan
nan
nan
nan
nan
nan
nan
nan
nan
nan
nan
nan
nan
nan
nan
nan
nan
nan
nan
nan
nan
nan
nan
nan
nan
nan
nan
nan
nan
nan
nan
nan
nan
nan
nan
nan
nan
nan
nan
nan
nan
nan
nan
nan
nan
nan
nan
nan
nan
nan
nan
nan
nan
nan
nan
nan
nan
nan
nan
nan
nan
nan
nan
nan
nan
nan
nan
nan
nan
nan
nan
nan
nan
nan
nan
nan
nan
nan
nan
nan
nan
nan
nan
nan
nan
nan
nan
nan
nan
nan
nan
nan
nan
nan
nan
nan
nan
nan
nan
nan
nan
nan
nan
nan
nan
nan
nan
nan
nan
nan
nan
nan
nan
nan
nan
nan
nan
nan
nan
nan
nan
nan
nan
nan
nan
nan
nan
nan
nan
nan
nan
nan
nan
nan
nan
nan
nan
nan
nan
nan
nan
nan
nan
nan
nan
nan
nan
nan
nan
nan
nan
nan
nan
nan
nan
nan
nan
nan
nan
nan
nan
nan
nan
nan
nan
nan
nan
nan
nan
nan
nan
nan
nan
nan
nan
nan
nan
nan
nan
nan
nan
nan
nan
nan
nan
nan
nan
nan
nan
nan
nan
nan
nan
nan
nan
nan
nan
nan
nan
nan
nan
nan
nan
nan
nan
nan
nan
nan
nan
nan
nan
nan
nan
nan
nan
nan
nan
nan
nan
nan
nan
nan
nan
nan
nan
nan
nan
nan
nan
nan
nan
nan
nan
nan
nan
nan
nan
nan
nan
nan
nan
nan
nan
nan
nan
nan
nan
nan
nan
nan
nan
nan
nan
nan
nan
nan
nan
nan
nan
nan
nan
nan
nan
nan
nan
nan
nan
nan
nan
nan
nan
nan
nan
nan
nan
nan
nan
nan
nan
nan
nan
nan
nan
nan
nan
nan
nan
nan
nan
nan
nan
nan
nan
nan
nan
nan
nan
nan
nan
nan
nan
nan
nan
nan
nan
nan
nan
nan
nan
nan
nan
nan
nan
nan
nan
nan
nan
nan
nan
nan
nan
nan
nan
nan
nan
nan
nan
nan
nan
nan
nan
nan
nan
nan
nan
nan
nan
nan
nan
nan
nan
nan
nan
nan
nan
nan
nan
nan
nan
nan
nan
nan
nan
nan
nan
nan
nan
nan
nan
nan
nan
nan
nan
nan
nan
nan
nan
nan
nan
nan
nan
nan
nan
nan
nan
nan
nan
nan
nan
nan
nan
nan
nan
nan
nan
nan
nan
nan
nan
nan
nan
nan
nan
nan
nan
nan
nan
nan
nan
nan
nan
nan
nan
nan
nan
nan
nan
nan
nan
nan
nan
nan
nan
nan
nan
nan
nan
nan
nan
nan
nan
nan
nan
nan
nan
nan
nan
nan
nan
nan
nan
nan
nan
nan
nan
nan
nan
nan
nan
nan
nan
nan
nan
nan
nan
nan
nan
nan
nan
nan
nan
nan
nan
nan
nan
nan
nan
nan
nan
nan
nan
nan
nan
nan
nan
nan
nan
nan
nan
nan
nan
nan
nan
nan
nan
nan
nan
nan
nan
nan
nan
nan
nan
nan
nan
nan
nan
nan
nan
nan
nan
nan
nan
nan
nan
nan
nan
nan
nan
nan
nan
nan
nan
nan
nan
nan
nan
nan
nan
nan
nan
nan
nan
nan
nan
nan
nan
nan
nan
nan
nan
nan
nan
nan
nan
nan
nan
nan
nan
nan
nan
nan
nan
nan
nan
nan
nan
nan
nan
nan
nan
nan
nan
nan
nan
nan
nan
nan
nan
nan
nan
nan
nan
nan
nan
nan
nan
nan
nan
nan
nan
nan
nan
nan
nan
nan
nan
nan
nan
nan
nan
nan
nan
nan
nan
nan
nan
nan
nan
nan
nan
nan
nan
nan
nan
nan
nan
nan
nan
nan
nan
nan
nan
nan
nan
nan
nan
nan
nan
nan
nan
nan
nan
nan
nan
nan
nan
nan
nan
nan
nan
nan
nan
nan
nan
nan
nan
nan
nan
nan
nan
nan
nan
nan
nan
nan
nan
nan
nan
nan
nan
nan
nan
nan
nan
nan
nan
nan
nan
nan
nan
nan
nan
nan
nan
nan
nan
nan
nan
nan
nan
nan
nan
nan
nan
nan
nan
nan
nan
nan
nan
nan
nan
nan
nan
nan
nan
nan
nan
nan
nan
nan
nan
nan
nan
nan
nan
nan
nan
nan
nan
nan
nan
nan
nan
nan
nan
nan
nan
nan
nan
nan
nan
nan
nan
nan
nan
nan
nan
nan
nan
nan
nan
nan
nan
nan
nan
nan
nan
nan
nan
nan
nan
nan
nan
nan
nan
nan
nan
nan
nan
nan
nan
nan
nan
nan
nan
nan
nan
nan
nan
nan
nan
nan
nan
nan
nan
nan
nan
nan
nan
nan
nan
nan
nan
nan
nan
nan
nan
nan
nan
nan
nan
nan
nan
nan
nan
nan
nan
nan
nan
nan
nan
nan
nan
nan
nan
nan
nan
nan
nan
nan
nan
nan
nan
nan
nan
nan
nan
nan
nan
nan
nan
nan
nan
nan
nan
nan
nan
nan
nan
nan
nan
nan
nan
nan
nan
nan
nan
nan
nan
nan
nan
nan
nan
nan
nan
nan
nan
nan
nan
nan
nan
nan
nan
nan
nan
nan
nan
nan
nan
nan
nan
nan
nan
nan
nan
nan
nan
nan
nan
nan
nan
nan
nan
nan
nan
nan
nan
nan
nan
nan
nan
nan
nan
nan
nan
nan
nan
nan
nan
nan
nan
nan
nan
nan
nan
nan
nan
nan
nan
nan
nan
nan
nan
nan
nan
nan
nan
nan
nan
nan
nan
nan
nan
nan
nan
nan
nan
nan
nan
nan
nan
nan
nan
nan
nan
nan
nan
nan
nan
nan
nan
nan
nan
nan
nan
nan
nan
nan
nan
nan
nan
nan
nan
nan
nan
nan
nan
nan
nan
nan
nan
nan
nan
nan
nan
nan
nan
nan
nan
nan
nan
nan
nan
nan
nan
nan
nan
nan
nan
nan
nan
nan
nan
nan
nan
nan
nan
nan
nan
nan
nan
nan
nan
nan
nan
nan
nan
nan
nan
nan
nan
nan
nan
nan
nan
nan
nan
nan
nan
nan
nan
nan
nan
nan
nan
nan
nan
nan
nan
nan
nan
nan
nan
nan
nan
nan
nan
nan
nan
nan
nan
nan
nan
nan
nan
nan
nan
nan
nan
nan
nan
nan
nan
nan
nan
nan
nan
nan
nan
nan
nan
nan
nan
nan
nan
nan
nan
nan
nan
nan
nan
nan
nan
nan
nan
nan
nan
nan
nan
nan
nan
nan
nan
nan
nan
nan
nan
nan
nan
nan
nan
nan
nan
nan
nan
nan
nan
nan
nan
nan
nan
nan
nan
nan
nan
nan
nan
nan
nan
nan
nan
nan
nan
nan
nan
nan
nan
nan
nan
nan
nan
nan
nan
nan
nan
nan
nan
nan
nan
nan
nan
nan
nan
nan
nan
nan
nan
nan
nan
nan
nan
nan
nan
nan
nan
nan
nan
nan
nan
nan
nan
nan
nan
nan
nan
nan
nan
nan
nan
nan
nan
nan
nan
nan
nan
nan
nan
nan
nan
nan
nan
nan
nan
nan
nan
nan
nan
nan
nan
nan
nan
nan
nan
nan
nan
nan
nan
nan
nan
nan
nan
nan
nan
nan
nan
nan
nan
nan
nan
nan
nan
nan
nan
nan
nan
nan
nan
nan
nan
nan
nan
nan
nan
nan
nan
nan
nan
nan
nan
nan
nan
nan
nan
nan
nan
nan
nan
nan
nan
nan
nan
nan
nan
nan
nan
nan
nan
nan
nan
nan
